sampleData/FK171005_CTD005_20171018_svp.cnv
* Sea-Bird SBE 9 Data File:
* FileName = E:\2017 Cruise Data\FK171005\CTD\FK171005_CTD005_20171018.hex
* Software Version Seasave V 7.26.6.26
* Temperature SN = 5483
* Conductivity SN = 3916
* Number of Bytes Per Scan = 45
* Number of Voltage Words = 4
* Number of Scans Averaged by the Deck Unit = 1
* NMEA Latitude = 04 30.56 S
* NMEA Longitude = 172 15.72 W
* NMEA UTC (Time) = Oct 20 2017 17:29:12
* NMEA baud rate = 4800
** Ship: FALKOR
** Station:
** Operator: Abby
# nquan = 3
# nvalues = 23423                                 
# units = specified
# name 0 = depSM: Depth [salt water, m]
# name 1 = svCM: Sound Velocity [Chen-Millero, m/s]
# name 2 = flag:  0.000e+00
# span 0 =      1.824,    621.330                 
# span 1 =    1487.98,    1544.27                 
# span 2 = 0.0000e+00, 0.0000e+00                 
# interval = seconds: 0.0416667
# start_time = Jan 01 2000 17:29:12 [NMEA time, first data scan]
# bad_flag = -9.990e-29
*END*
[from data line 17883]
    488.970    1491.24  0.000e+00
    488.964    1491.24  0.000e+00
    489.016    1491.24  0.000e+00
    489.107    1491.24  0.000e+00
    489.113    1491.24  0.000e+00
    489.159    1491.24  0.000e+00
    489.113    1491.24  0.000e+00
    489.204    1491.24  0.000e+00
    489.211    1491.24  0.000e+00
    489.256    1491.24  0.000e+00
    489.302    1491.24  0.000e+00
    489.406    1491.24  0.000e+00
    489.354    1491.24  0.000e+00
    489.406    1491.24  0.000e+00
    489.399    1491.24  0.000e+00
    489.451    1491.23  0.000e+00
    489.445    1491.23  0.000e+00
    489.549    1491.23  0.000e+00
    489.595    1491.23  0.000e+00
    489.601    1491.23  0.000e+00
    489.595    1491.23  0.000e+00
    489.601    1491.23  0.000e+00
    489.692    1491.23  0.000e+00
    489.699    1491.23  0.000e+00
    489.738    1491.24  0.000e+00
    489.790    1491.23  0.000e+00
    489.842    1491.24  0.000e+00
    489.790    1491.24  0.000e+00
    489.842    1491.24  0.000e+00
    489.835    1491.24  0.000e+00
    489.939    1491.24  0.000e+00
    489.881    1491.24  0.000e+00
    489.985    1491.24  0.000e+00
    490.030    1491.24  0.000e+00
    489.985    1491.23  0.000e+00
    490.030    1491.23  0.000e+00
    490.082    1491.23  0.000e+00
    490.128    1491.23  0.000e+00
    490.128    1491.23  0.000e+00
    490.128    1491.23  0.000e+00
    490.180    1491.23  0.000e+00
    490.219    1491.22  0.000e+00
    490.226    1491.22  0.000e+00
    490.271    1491.22  0.000e+00
    490.323    1491.22  0.000e+00
    490.317    1491.22  0.000e+00
    490.375    1491.22  0.000e+00
    490.466    1491.22  0.000e+00
    490.414    1491.22  0.000e+00
    490.466    1491.22  0.000e+00
    490.466    1491.22  0.000e+00
    490.518    1491.22  0.000e+00
    490.564    1491.22  0.000e+00
    490.616    1491.22  0.000e+00
    490.655    1491.22  0.000e+00
    490.616    1491.22  0.000e+00
    490.753    1491.22  0.000e+00
    490.714    1491.22  0.000e+00
    490.753    1491.22  0.000e+00
    490.811    1491.22  0.000e+00
    490.850    1491.22  0.000e+00
    490.857    1491.22  0.000e+00
    490.948    1491.22  0.000e+00
    490.954    1491.22  0.000e+00
    490.993    1491.22  0.000e+00
    491.000    1491.22  0.000e+00
    491.091    1491.22  0.000e+00
    491.097    1491.22  0.000e+00
    491.188    1491.22  0.000e+00
    491.149    1491.22  0.000e+00
    491.240    1491.22  0.000e+00
    491.240    1491.22  0.000e+00
    491.338    1491.22  0.000e+00
    491.338    1491.22  0.000e+00
    491.338    1491.22  0.000e+00
    491.488    1491.22  0.000e+00
    491.488    1491.22  0.000e+00
    491.527    1491.22  0.000e+00
    491.579    1491.22  0.000e+00
    491.624    1491.21  0.000e+00
    491.631    1491.21  0.000e+00
    491.722    1491.21  0.000e+00
    491.728    1491.21  0.000e+00
    491.774    1491.21  0.000e+00
    491.872    1491.21  0.000e+00
    491.865    1491.21  0.000e+00
    491.924    1491.20  0.000e+00
    491.963    1491.20  0.000e+00
    492.067    1491.20  0.000e+00
    492.060    1491.20  0.000e+00
    492.112    1491.19  0.000e+00
    492.158    1491.19  0.000e+00
    492.210    1491.19  0.000e+00
    492.255    1491.19  0.000e+00
    492.307    1491.19  0.000e+00
    492.353    1491.19  0.000e+00
    492.398    1491.19  0.000e+00
    492.451    1491.19  0.000e+00
    492.496    1491.19  0.000e+00
    492.548    1491.18  0.000e+00
    492.639    1491.18  0.000e+00
    492.646    1491.18  0.000e+00
    492.691    1491.18  0.000e+00
    492.743    1491.18  0.000e+00
    492.834    1491.18  0.000e+00
    492.841    1491.18  0.000e+00
    492.834    1491.18  0.000e+00
    493.036    1491.18  0.000e+00
    492.984    1491.18  0.000e+00
    493.075    1491.18  0.000e+00
    493.082    1491.18  0.000e+00
    493.173    1491.19  0.000e+00
    493.179    1491.19  0.000e+00
    493.270    1491.19  0.000e+00
    493.277    1491.19  0.000e+00
    493.270    1491.19  0.000e+00
    493.517    1491.19  0.000e+00
    493.420    1491.19  0.000e+00
    493.511    1491.19  0.000e+00
    493.563    1491.19  0.000e+00
    493.609    1491.19  0.000e+00
    493.661    1491.19  0.000e+00
    493.706    1491.19  0.000e+00
    493.713    1491.19  0.000e+00
    493.856    1491.19  0.000e+00
    493.849    1491.18  0.000e+00
    493.901    1491.18  0.000e+00
    493.947    1491.18  0.000e+00
    493.953    1491.17  0.000e+00
    494.096    1491.17  0.000e+00
    494.096    1491.16  0.000e+00
    494.149    1491.16  0.000e+00
    494.194    1491.16  0.000e+00
    494.240    1491.16  0.000e+00
    494.337    1491.16  0.000e+00
    494.337    1491.16  0.000e+00
    494.389    1491.16  0.000e+00
    494.435    1491.16  0.000e+00
    494.532    1491.16  0.000e+00
    494.532    1491.15  0.000e+00
    494.578    1491.15  0.000e+00
    494.675    1491.15  0.000e+00
    494.675    1491.15  0.000e+00
    494.773    1491.15  0.000e+00
    494.773    1491.15  0.000e+00
    494.871    1491.15  0.000e+00
    494.871    1491.15  0.000e+00
    494.968    1491.15  0.000e+00
    495.014    1491.15  0.000e+00
    495.066    1491.15  0.000e+00
    495.111    1491.15  0.000e+00
    495.163    1491.15  0.000e+00
    495.157    1491.15  0.000e+00
    495.261    1491.15  0.000e+00
    495.307    1491.15  0.000e+00
    495.352    1491.15  0.000e+00
    495.404    1491.15  0.000e+00
    495.450    1491.15  0.000e+00
    495.547    1491.15  0.000e+00
    495.547    1491.16  0.000e+00
    495.645    1491.16  0.000e+00
    495.645    1491.16  0.000e+00
    495.742    1491.16  0.000e+00
    495.742    1491.16  0.000e+00
    495.840    1491.16  0.000e+00
    495.886    1491.16  0.000e+00
    495.938    1491.16  0.000e+00
    495.983    1491.15  0.000e+00
    496.035    1491.14  0.000e+00
    496.081    1491.13  0.000e+00
    496.178    1491.13  0.000e+00
    496.178    1491.13  0.000e+00
    496.224    1491.13  0.000e+00
    496.322    1491.13  0.000e+00
    496.374    1491.13  0.000e+00
    496.419    1491.13  0.000e+00
    496.465    1491.13  0.000e+00
    496.465    1491.12  0.000e+00
    496.614    1491.12  0.000e+00
    496.614    1491.11  0.000e+00
    496.712    1491.11  0.000e+00
    496.712    1491.10  0.000e+00
    496.757    1491.10  0.000e+00
    496.855    1491.10  0.000e+00
    496.901    1491.09  0.000e+00
    496.953    1491.09  0.000e+00
    496.998    1491.09  0.000e+00
    497.050    1491.09  0.000e+00
    497.148    1491.09  0.000e+00
    497.148    1491.09  0.000e+00
    497.193    1491.09  0.000e+00
    497.291    1491.09  0.000e+00
    497.291    1491.09  0.000e+00
    497.389    1491.09  0.000e+00
    497.434    1491.09  0.000e+00
    497.486    1491.09  0.000e+00
    497.532    1491.08  0.000e+00
    497.577    1491.08  0.000e+00
    497.629    1491.08  0.000e+00
    497.675    1491.08  0.000e+00
    497.675    1491.08  0.000e+00
    497.824    1491.08  0.000e+00
    497.824    1491.08  0.000e+00
    497.870    1491.08  0.000e+00
    497.922    1491.08  0.000e+00
    497.968    1491.08  0.000e+00
    498.065    1491.08  0.000e+00
    498.065    1491.08  0.000e+00
    498.111    1491.08  0.000e+00
    498.163    1491.08  0.000e+00
    498.208    1491.08  0.000e+00
    498.260    1491.08  0.000e+00
    498.306    1491.08  0.000e+00
    498.351    1491.08  0.000e+00
    498.403    1491.09  0.000e+00
    498.449    1491.09  0.000e+00
    498.501    1491.09  0.000e+00
    498.547    1491.09  0.000e+00
    498.547    1491.09  0.000e+00
    498.644    1491.09  0.000e+00
    498.644    1491.08  0.000e+00
    498.742    1491.08  0.000e+00
    498.696    1491.08  0.000e+00
    498.839    1491.08  0.000e+00
    498.839    1491.08  0.000e+00
    498.839    1491.07  0.000e+00
    498.937    1491.06  0.000e+00
    498.983    1491.06  0.000e+00
    498.983    1491.06  0.000e+00
    499.035    1491.06  0.000e+00
    499.080    1491.05  0.000e+00
    499.132    1491.06  0.000e+00
    499.126    1491.06  0.000e+00
    499.223    1491.06  0.000e+00
    499.223    1491.06  0.000e+00
    499.275    1491.06  0.000e+00
    499.321    1491.06  0.000e+00
    499.321    1491.06  0.000e+00
    499.373    1491.06  0.000e+00
    499.418    1491.06  0.000e+00
    499.471    1491.06  0.000e+00
    499.471    1491.07  0.000e+00
    499.516    1491.07  0.000e+00
    499.562    1491.07  0.000e+00
    499.568    1491.07  0.000e+00
    499.614    1491.07  0.000e+00
    499.659    1491.07  0.000e+00
    499.711    1491.06  0.000e+00
    499.711    1491.06  0.000e+00
    499.711    1491.06  0.000e+00
    499.809    1491.06  0.000e+00
    499.809    1491.06  0.000e+00
    499.809    1491.06  0.000e+00
    499.854    1491.06  0.000e+00
    499.900    1491.06  0.000e+00
    499.952    1491.06  0.000e+00
    499.900    1491.06  0.000e+00
    499.998    1491.06  0.000e+00
    499.998    1491.06  0.000e+00
    500.050    1491.06  0.000e+00
    500.050    1491.06  0.000e+00
    500.095    1491.06  0.000e+00
    500.095    1491.06  0.000e+00
    500.147    1491.06  0.000e+00
    500.147    1491.06  0.000e+00
    500.193    1491.06  0.000e+00
    500.193    1491.06  0.000e+00
    500.245    1491.06  0.000e+00
    500.245    1491.06  0.000e+00
    500.290    1491.06  0.000e+00
    500.342    1491.06  0.000e+00
    500.336    1491.06  0.000e+00
    500.336    1491.06  0.000e+00
    500.388    1491.06  0.000e+00
    500.440    1491.06  0.000e+00
    500.388    1491.06  0.000e+00
    500.486    1491.06  0.000e+00
    500.486    1491.06  0.000e+00
    500.531    1491.06  0.000e+00
    500.531    1491.06  0.000e+00
    500.531    1491.06  0.000e+00
    500.629    1491.06  0.000e+00
    500.583    1491.06  0.000e+00
    500.674    1491.06  0.000e+00
    500.629    1491.06  0.000e+00
    500.583    1491.06  0.000e+00
    500.824    1491.06  0.000e+00
    500.772    1491.06  0.000e+00
    500.726    1491.06  0.000e+00
    500.824    1491.06  0.000e+00
    500.824    1491.06  0.000e+00
    500.824    1491.06  0.000e+00
    500.921    1491.07  0.000e+00
    500.921    1491.07  0.000e+00
    500.921    1491.07  0.000e+00
    501.019    1491.07  0.000e+00
    500.967    1491.07  0.000e+00
    501.019    1491.07  0.000e+00
    501.110    1491.07  0.000e+00
    501.065    1491.07  0.000e+00
    501.110    1491.07  0.000e+00
    501.208    1491.07  0.000e+00
    501.162    1491.07  0.000e+00
    501.208    1491.07  0.000e+00
    501.260    1491.07  0.000e+00
    501.305    1491.07  0.000e+00
    501.357    1491.07  0.000e+00
    501.357    1491.07  0.000e+00
    501.403    1491.07  0.000e+00
    501.448    1491.07  0.000e+00
    501.403    1491.07  0.000e+00
    501.546    1491.08  0.000e+00
    501.501    1491.07  0.000e+00
    501.598    1491.08  0.000e+00
    501.598    1491.08  0.000e+00
    501.644    1491.08  0.000e+00
    501.644    1491.08  0.000e+00
    501.741    1491.08  0.000e+00
    501.741    1491.08  0.000e+00
    501.793    1491.08  0.000e+00
    501.839    1491.08  0.000e+00
    501.839    1491.08  0.000e+00
    501.936    1491.08  0.000e+00
    501.936    1491.08  0.000e+00
    501.982    1491.08  0.000e+00
    501.982    1491.08  0.000e+00
    502.034    1491.08  0.000e+00
    502.086    1491.08  0.000e+00
    502.177    1491.08  0.000e+00
    502.132    1491.08  0.000e+00
    502.223    1491.08  0.000e+00
    502.223    1491.08  0.000e+00
    502.275    1491.08  0.000e+00
    502.320    1491.08  0.000e+00
    502.320    1491.08  0.000e+00
    502.418    1491.09  0.000e+00
    502.418    1491.09  0.000e+00
    502.470    1491.09  0.000e+00
    502.470    1491.09  0.000e+00
    502.568    1491.09  0.000e+00
    502.568    1491.09  0.000e+00
    502.613    1491.09  0.000e+00
    502.665    1491.09  0.000e+00
    502.613    1491.08  0.000e+00
    502.756    1491.08  0.000e+00
    502.711    1491.08  0.000e+00
    502.808    1491.08  0.000e+00
    502.808    1491.08  0.000e+00
    502.854    1491.08  0.000e+00
    502.906    1491.08  0.000e+00
    502.906    1491.09  0.000e+00
    502.958    1491.09  0.000e+00
    502.997    1491.09  0.000e+00
    502.997    1491.09  0.000e+00
    503.049    1491.09  0.000e+00
    503.095    1491.09  0.000e+00
    503.095    1491.09  0.000e+00
    503.147    1491.09  0.000e+00
    503.147    1491.09  0.000e+00
    503.192    1491.09  0.000e+00
    503.244    1491.09  0.000e+00
    503.290    1491.09  0.000e+00
    503.244    1491.09  0.000e+00
    503.342    1491.09  0.000e+00
    503.342    1491.09  0.000e+00
    503.387    1491.09  0.000e+00
    503.387    1491.09  0.000e+00
    503.440    1491.09  0.000e+00
    503.433    1491.09  0.000e+00
    503.433    1491.09  0.000e+00
    503.531    1491.09  0.000e+00
    503.531    1491.09  0.000e+00
    503.583    1491.09  0.000e+00
    503.583    1491.09  0.000e+00
    503.628    1491.09  0.000e+00
    503.628    1491.09  0.000e+00
    503.628    1491.09  0.000e+00
    503.726    1491.09  0.000e+00
    503.732    1491.09  0.000e+00
    503.726    1491.09  0.000e+00
    503.771    1491.08  0.000e+00
    503.771    1491.07  0.000e+00
    503.823    1491.07  0.000e+00
    503.869    1491.07  0.000e+00
    503.875    1491.07  0.000e+00
    503.869    1491.07  0.000e+00
    503.967    1491.07  0.000e+00
    503.921    1491.07  0.000e+00
    503.967    1491.07  0.000e+00
    504.019    1491.07  0.000e+00
    504.064    1491.07  0.000e+00
    504.116    1491.07  0.000e+00
    504.116    1491.06  0.000e+00
    504.116    1491.05  0.000e+00
    504.162    1491.05  0.000e+00
    504.168    1491.04  0.000e+00
    504.259    1491.05  0.000e+00
    504.259    1491.04  0.000e+00
    504.305    1491.04  0.000e+00
    504.305    1491.04  0.000e+00
    504.403    1491.04  0.000e+00
    504.357    1491.03  0.000e+00
    504.403    1491.04  0.000e+00
    504.500    1491.04  0.000e+00
    504.500    1491.03  0.000e+00
    504.546    1491.03  0.000e+00
    504.546    1491.03  0.000e+00
    504.598    1491.02  0.000e+00
    504.650    1491.01  0.000e+00
    504.695    1490.99  0.000e+00
    504.741    1490.97  0.000e+00
    504.741    1490.95  0.000e+00
    504.793    1490.94  0.000e+00
    504.838    1490.95  0.000e+00
    504.891    1490.95  0.000e+00
    504.936    1490.95  0.000e+00
    504.936    1490.95  0.000e+00
    505.034    1490.95  0.000e+00
    505.034    1490.95  0.000e+00
    505.079    1490.96  0.000e+00
    505.131    1490.96  0.000e+00
    505.183    1490.96  0.000e+00
    505.229    1490.95  0.000e+00
    505.229    1490.92  0.000e+00
    505.320    1490.90  0.000e+00
    505.320    1490.89  0.000e+00
    505.418    1490.88  0.000e+00
    505.418    1490.87  0.000e+00
    505.476    1490.86  0.000e+00
    505.567    1490.86  0.000e+00
    505.567    1490.86  0.000e+00
    505.613    1490.86  0.000e+00
    505.710    1490.86  0.000e+00
    505.710    1490.86  0.000e+00
    505.808    1490.86  0.000e+00
    505.808    1490.86  0.000e+00
    505.912    1490.86  0.000e+00
    505.951    1490.86  0.000e+00
    505.951    1490.86  0.000e+00
    506.049    1490.86  0.000e+00
    506.101    1490.86  0.000e+00
    506.146    1490.86  0.000e+00
    506.192    1490.86  0.000e+00
    506.244    1490.86  0.000e+00
    506.348    1490.86  0.000e+00
    506.342    1490.86  0.000e+00
    506.439    1490.86  0.000e+00
    506.439    1490.86  0.000e+00
    506.582    1490.87  0.000e+00
    506.582    1490.87  0.000e+00
    506.628    1490.87  0.000e+00
    506.726    1490.87  0.000e+00
    506.778    1490.87  0.000e+00
    506.830    1490.87  0.000e+00
    506.823    1490.87  0.000e+00
    506.966    1490.87  0.000e+00
    507.018    1490.87  0.000e+00
    507.018    1490.87  0.000e+00
    507.162    1490.88  0.000e+00
    507.162    1490.88  0.000e+00
    507.259    1490.88  0.000e+00
    507.305    1490.88  0.000e+00
    507.357    1490.88  0.000e+00
    507.454    1490.88  0.000e+00
    507.461    1490.88  0.000e+00
    507.598    1490.88  0.000e+00
    507.598    1490.88  0.000e+00
    507.650    1490.88  0.000e+00
    507.741    1490.88  0.000e+00
