sampleData/FK171005_CTD005_20171018_svp.cnv
* Sea-Bird SBE 9 Data File:
* FileName = E:\2017 Cruise Data\FK171005\CTD\FK171005_CTD005_20171018.hex
* Software Version Seasave V 7.26.6.26
* Temperature SN = 5483
* Conductivity SN = 3916
* Number of Bytes Per Scan = 45
* Number of Voltage Words = 4
* Number of Scans Averaged by the Deck Unit = 1
* NMEA Latitude = 04 30.56 S
* NMEA Longitude = 172 15.72 W
* NMEA UTC (Time) = Oct 20 2017 17:29:12
* NMEA baud rate = 4800
** Ship: FALKOR
** Station:
** Operator: Abby
# nquan = 3
# nvalues = 23423                                 
# units = specified
# name 0 = depSM: Depth [salt water, m]
# name 1 = svCM: Sound Velocity [Chen-Millero, m/s]
# name 2 = flag:  0.000e+00
# span 0 =      1.824,    621.330                 
# span 1 =    1487.98,    1544.27                 
# span 2 = 0.0000e+00, 0.0000e+00                 
# interval = seconds: 0.0416667
# start_time = Jan 01 2000 17:29:12 [NMEA time, first data scan]
# bad_flag = -9.990e-29
*END*
[from data line 8942]
    163.837    1529.31  0.000e+00
    163.837    1529.31  0.000e+00
    163.882    1529.30  0.000e+00
    163.837    1529.28  0.000e+00
    163.882    1529.27  0.000e+00
    163.837    1529.24  0.000e+00
    163.882    1529.21  0.000e+00
    163.934    1529.18  0.000e+00
    163.934    1529.17  0.000e+00
    163.882    1529.17  0.000e+00
    163.934    1529.16  0.000e+00
    163.979    1529.15  0.000e+00
    163.934    1529.16  0.000e+00
    164.025    1529.17  0.000e+00
    163.979    1529.18  0.000e+00
    163.882    1529.17  0.000e+00
    164.122    1529.17  0.000e+00
    164.076    1529.15  0.000e+00
    164.025    1529.14  0.000e+00
    164.076    1529.14  0.000e+00
    164.076    1529.13  0.000e+00
    164.122    1529.13  0.000e+00
    164.122    1529.14  0.000e+00
    164.122    1529.13  0.000e+00
    164.174    1529.14  0.000e+00
    164.122    1529.13  0.000e+00
    164.219    1529.14  0.000e+00
    164.219    1529.14  0.000e+00
    164.219    1529.13  0.000e+00
    164.264    1529.13  0.000e+00
    164.264    1529.13  0.000e+00
    164.316    1529.14  0.000e+00
    164.264    1529.13  0.000e+00
    164.361    1529.13  0.000e+00
    164.361    1529.12  0.000e+00
    164.361    1529.11  0.000e+00
    164.458    1529.11  0.000e+00
    164.413    1529.10  0.000e+00
    164.458    1529.11  0.000e+00
    164.504    1529.10  0.000e+00
    164.458    1529.10  0.000e+00
    164.555    1529.10  0.000e+00
    164.504    1529.09  0.000e+00
    164.601    1529.10  0.000e+00
    164.601    1529.10  0.000e+00
    164.646    1529.10  0.000e+00
    164.653    1529.09  0.000e+00
    164.698    1529.08  0.000e+00
    164.698    1529.05  0.000e+00
    164.743    1529.01  0.000e+00
    164.795    1528.99  0.000e+00
    164.795    1528.97  0.000e+00
    164.840    1528.96  0.000e+00
    164.840    1528.95  0.000e+00
    164.886    1528.94  0.000e+00
    164.937    1528.92  0.000e+00
    164.983    1528.89  0.000e+00
    164.937    1528.84  0.000e+00
    165.034    1528.79  0.000e+00
    165.080    1528.77  0.000e+00
    165.034    1528.75  0.000e+00
    165.125    1528.72  0.000e+00
    165.177    1528.69  0.000e+00
    165.125    1528.65  0.000e+00
    165.222    1528.60  0.000e+00
    165.274    1528.54  0.000e+00
    165.267    1528.49  0.000e+00
    165.319    1528.46  0.000e+00
    165.319    1528.39  0.000e+00
    165.364    1528.32  0.000e+00
    165.416    1528.23  0.000e+00
    165.416    1528.13  0.000e+00
    165.462    1528.02  0.000e+00
    165.513    1527.89  0.000e+00
    165.559    1527.82  0.000e+00
    165.559    1527.75  0.000e+00
    165.559    1527.68  0.000e+00
    165.604    1527.63  0.000e+00
    165.656    1527.59  0.000e+00
    165.656    1527.57  0.000e+00
    165.753    1527.54  0.000e+00
    165.701    1527.50  0.000e+00
    165.798    1527.50  0.000e+00
    165.798    1527.50  0.000e+00
    165.798    1527.50  0.000e+00
    165.843    1527.48  0.000e+00
    165.895    1527.46  0.000e+00
    165.895    1527.47  0.000e+00
    165.941    1527.47  0.000e+00
    165.941    1527.46  0.000e+00
    166.038    1527.46  0.000e+00
    165.992    1527.48  0.000e+00
    166.083    1527.52  0.000e+00
    166.083    1527.55  0.000e+00
    166.083    1527.56  0.000e+00
    166.128    1527.52  0.000e+00
    166.180    1527.45  0.000e+00
    166.232    1527.39  0.000e+00
    166.180    1527.35  0.000e+00
    166.277    1527.35  0.000e+00
    166.277    1527.39  0.000e+00
    166.322    1527.43  0.000e+00
    166.322    1527.44  0.000e+00
    166.374    1527.41  0.000e+00
    166.368    1527.39  0.000e+00
    166.419    1527.39  0.000e+00
    166.419    1527.38  0.000e+00
    166.465    1527.37  0.000e+00
    166.471    1527.35  0.000e+00
    166.517    1527.34  0.000e+00
    166.517    1527.33  0.000e+00
    166.562    1527.31  0.000e+00
    166.562    1527.30  0.000e+00
    166.614    1527.30  0.000e+00
    166.614    1527.31  0.000e+00
    166.607    1527.32  0.000e+00
    166.659    1527.32  0.000e+00
    166.711    1527.31  0.000e+00
    166.704    1527.30  0.000e+00
    166.711    1527.29  0.000e+00
    166.756    1527.28  0.000e+00
    166.801    1527.26  0.000e+00
    166.756    1527.23  0.000e+00
    166.847    1527.20  0.000e+00
    166.801    1527.17  0.000e+00
    166.853    1527.16  0.000e+00
    166.898    1527.15  0.000e+00
    166.898    1527.14  0.000e+00
    166.898    1527.15  0.000e+00
    166.950    1527.16  0.000e+00
    166.996    1527.16  0.000e+00
    166.996    1527.15  0.000e+00
    166.950    1527.16  0.000e+00
    167.041    1527.17  0.000e+00
    167.041    1527.18  0.000e+00
    167.093    1527.17  0.000e+00
    167.086    1527.16  0.000e+00
    167.093    1527.14  0.000e+00
    167.138    1527.13  0.000e+00
    167.138    1527.12  0.000e+00
    167.190    1527.10  0.000e+00
    167.190    1527.10  0.000e+00
    167.229    1527.09  0.000e+00
    167.235    1527.09  0.000e+00
    167.229    1527.08  0.000e+00
    167.280    1527.08  0.000e+00
    167.332    1527.08  0.000e+00
    167.280    1527.09  0.000e+00
    167.377    1527.09  0.000e+00
    167.326    1527.09  0.000e+00
    167.423    1527.10  0.000e+00
    167.423    1527.10  0.000e+00
    167.377    1527.10  0.000e+00
    167.474    1527.09  0.000e+00
    167.474    1527.08  0.000e+00
    167.520    1527.07  0.000e+00
    167.520    1527.07  0.000e+00
    167.565    1527.06  0.000e+00
    167.572    1527.06  0.000e+00
    167.617    1527.06  0.000e+00
    167.617    1527.06  0.000e+00
    167.617    1527.06  0.000e+00
    167.662    1527.06  0.000e+00
    167.714    1527.05  0.000e+00
    167.759    1527.05  0.000e+00
    167.759    1527.04  0.000e+00
    167.759    1527.03  0.000e+00
    167.805    1527.03  0.000e+00
    167.856    1527.04  0.000e+00
    167.856    1527.04  0.000e+00
    167.902    1527.04  0.000e+00
    167.953    1527.04  0.000e+00
    167.947    1527.02  0.000e+00
    167.999    1527.01  0.000e+00
    168.051    1526.99  0.000e+00
    168.044    1526.96  0.000e+00
    168.096    1526.96  0.000e+00
    168.096    1526.97  0.000e+00
    168.193    1526.97  0.000e+00
    168.193    1526.97  0.000e+00
    168.238    1526.95  0.000e+00
    168.290    1526.94  0.000e+00
    168.238    1526.93  0.000e+00
    168.335    1526.93  0.000e+00
    168.381    1526.93  0.000e+00
    168.381    1526.92  0.000e+00
    168.432    1526.93  0.000e+00
    168.478    1526.93  0.000e+00
    168.478    1526.94  0.000e+00
    168.530    1526.94  0.000e+00
    168.568    1526.93  0.000e+00
    168.620    1526.93  0.000e+00
    168.620    1526.92  0.000e+00
    168.672    1526.92  0.000e+00
    168.717    1526.92  0.000e+00
    168.717    1526.92  0.000e+00
    168.769    1526.92  0.000e+00
    168.860    1526.92  0.000e+00
    168.814    1526.92  0.000e+00
    168.860    1526.92  0.000e+00
    168.911    1526.92  0.000e+00
    168.957    1526.92  0.000e+00
    169.002    1526.92  0.000e+00
    169.009    1526.93  0.000e+00
    169.099    1526.93  0.000e+00
    169.054    1526.93  0.000e+00
    169.144    1526.93  0.000e+00
    169.151    1526.93  0.000e+00
    169.248    1526.92  0.000e+00
    169.242    1526.91  0.000e+00
    169.248    1526.91  0.000e+00
    169.339    1526.91  0.000e+00
    169.339    1526.91  0.000e+00
    169.384    1526.91  0.000e+00
    169.436    1526.91  0.000e+00
    169.429    1526.89  0.000e+00
    169.487    1526.87  0.000e+00
    169.533    1526.85  0.000e+00
    169.578    1526.83  0.000e+00
    169.578    1526.80  0.000e+00
    169.578    1526.79  0.000e+00
    169.727    1526.77  0.000e+00
    169.669    1526.75  0.000e+00
    169.727    1526.73  0.000e+00
    169.766    1526.71  0.000e+00
    169.818    1526.68  0.000e+00
    169.818    1526.66  0.000e+00
    169.863    1526.66  0.000e+00
    169.869    1526.65  0.000e+00
    169.908    1526.65  0.000e+00
    169.966    1526.64  0.000e+00
    170.005    1526.64  0.000e+00
    169.966    1526.64  0.000e+00
    170.057    1526.63  0.000e+00
    170.057    1526.62  0.000e+00
    170.109    1526.61  0.000e+00
    170.102    1526.61  0.000e+00
    170.154    1526.61  0.000e+00
    170.148    1526.62  0.000e+00
    170.200    1526.62  0.000e+00
    170.200    1526.62  0.000e+00
    170.251    1526.61  0.000e+00
    170.245    1526.60  0.000e+00
    170.297    1526.60  0.000e+00
    170.290    1526.59  0.000e+00
    170.297    1526.57  0.000e+00
    170.394    1526.57  0.000e+00
    170.342    1526.56  0.000e+00
    170.394    1526.56  0.000e+00
    170.387    1526.55  0.000e+00
    170.439    1526.55  0.000e+00
    170.439    1526.55  0.000e+00
    170.439    1526.55  0.000e+00
    170.530    1526.55  0.000e+00
    170.491    1526.55  0.000e+00
    170.484    1526.55  0.000e+00
    170.588    1526.56  0.000e+00
    170.530    1526.56  0.000e+00
    170.588    1526.56  0.000e+00
    170.491    1526.55  0.000e+00
    170.678    1526.56  0.000e+00
    170.588    1526.56  0.000e+00
    170.678    1526.56  0.000e+00
    170.588    1526.55  0.000e+00
    170.678    1526.55  0.000e+00
    170.633    1526.55  0.000e+00
    170.678    1526.54  0.000e+00
    170.633    1526.55  0.000e+00
    170.678    1526.55  0.000e+00
    170.678    1526.55  0.000e+00
    170.678    1526.56  0.000e+00
    170.730    1526.56  0.000e+00
    170.678    1526.56  0.000e+00
    170.730    1526.57  0.000e+00
    170.678    1526.56  0.000e+00
    170.730    1526.56  0.000e+00
    170.730    1526.56  0.000e+00
    170.724    1526.56  0.000e+00
    170.730    1526.56  0.000e+00
    170.769    1526.56  0.000e+00
    170.730    1526.56  0.000e+00
    170.769    1526.56  0.000e+00
    170.776    1526.56  0.000e+00
    170.769    1526.56  0.000e+00
    170.776    1526.56  0.000e+00
    170.821    1526.56  0.000e+00
    170.776    1526.56  0.000e+00
    170.821    1526.55  0.000e+00
    170.827    1526.55  0.000e+00
    170.821    1526.55  0.000e+00
    170.873    1526.55  0.000e+00
    170.866    1526.55  0.000e+00
    170.827    1526.55  0.000e+00
    170.873    1526.55  0.000e+00
    170.918    1526.56  0.000e+00
    170.873    1526.56  0.000e+00
    170.918    1526.56  0.000e+00
    170.970    1526.56  0.000e+00
    170.918    1526.56  0.000e+00
    170.970    1526.57  0.000e+00
    170.963    1526.57  0.000e+00
    170.970    1526.57  0.000e+00
    171.060    1526.56  0.000e+00
    171.015    1526.54  0.000e+00
    171.060    1526.53  0.000e+00
    171.067    1526.52  0.000e+00
    171.106    1526.51  0.000e+00
    171.067    1526.50  0.000e+00
    171.106    1526.49  0.000e+00
    171.157    1526.49  0.000e+00
    171.157    1526.49  0.000e+00
    171.209    1526.47  0.000e+00
    171.203    1526.46  0.000e+00
    171.209    1526.45  0.000e+00
    171.306    1526.45  0.000e+00
    171.248    1526.45  0.000e+00
    171.306    1526.45  0.000e+00
    171.397    1526.44  0.000e+00
    171.306    1526.44  0.000e+00
    171.442    1526.43  0.000e+00
    171.397    1526.44  0.000e+00
    171.488    1526.44  0.000e+00
    171.449    1526.44  0.000e+00
    171.488    1526.44  0.000e+00
    171.546    1526.46  0.000e+00
    171.585    1526.48  0.000e+00
    171.591    1526.48  0.000e+00
    171.630    1526.47  0.000e+00
    171.688    1526.47  0.000e+00
    171.682    1526.46  0.000e+00
    171.734    1526.45  0.000e+00
    171.779    1526.44  0.000e+00
    171.831    1526.44  0.000e+00
    171.824    1526.44  0.000e+00
    171.876    1526.44  0.000e+00
    171.921    1526.44  0.000e+00
    171.928    1526.44  0.000e+00
    172.018    1526.44  0.000e+00
    172.025    1526.42  0.000e+00
    172.064    1526.39  0.000e+00
    172.115    1526.32  0.000e+00
    172.161    1526.26  0.000e+00
    172.167    1526.22  0.000e+00
    172.258    1526.19  0.000e+00
    172.264    1526.16  0.000e+00
    172.303    1526.12  0.000e+00
    172.355    1526.09  0.000e+00
    172.400    1526.06  0.000e+00
    172.407    1526.05  0.000e+00
    172.497    1526.04  0.000e+00
    172.504    1526.02  0.000e+00
    172.588    1525.99  0.000e+00
    172.594    1525.96  0.000e+00
    172.640    1525.93  0.000e+00
    172.692    1525.91  0.000e+00
    172.730    1525.90  0.000e+00
    172.782    1525.88  0.000e+00
    172.834    1525.87  0.000e+00
    172.879    1525.84  0.000e+00
    172.931    1525.80  0.000e+00
    172.925    1525.76  0.000e+00
    173.028    1525.71  0.000e+00
    173.022    1525.65  0.000e+00
    173.125    1525.61  0.000e+00
    173.119    1525.60  0.000e+00
    173.171    1525.60  0.000e+00
    173.261    1525.61  0.000e+00
    173.268    1525.60  0.000e+00
    173.307    1525.59  0.000e+00
    173.313    1525.58  0.000e+00
    173.449    1525.56  0.000e+00
    173.410    1525.50  0.000e+00
    173.501    1525.42  0.000e+00
    173.501    1525.38  0.000e+00
    173.604    1525.38  0.000e+00
    173.598    1525.36  0.000e+00
    173.650    1525.29  0.000e+00
    173.688    1525.18  0.000e+00
    173.747    1525.06  0.000e+00
    173.786    1524.97  0.000e+00
    173.844    1524.95  0.000e+00
    173.883    1524.95  0.000e+00
    173.889    1524.95  0.000e+00
    173.928    1524.96  0.000e+00
    174.025    1525.01  0.000e+00
    173.986    1525.00  0.000e+00
    174.070    1524.95  0.000e+00
    174.083    1524.87  0.000e+00
    174.122    1524.75  0.000e+00
    174.174    1524.64  0.000e+00
    174.219    1524.55  0.000e+00
    174.226    1524.47  0.000e+00
    174.310    1524.43  0.000e+00
    174.310    1524.41  0.000e+00
    174.368    1524.39  0.000e+00
    174.362    1524.35  0.000e+00
    174.413    1524.28  0.000e+00
    174.459    1524.22  0.000e+00
    174.511    1524.19  0.000e+00
    174.459    1524.17  0.000e+00
    174.608    1524.14  0.000e+00
    174.549    1524.12  0.000e+00
    174.601    1524.10  0.000e+00
    174.653    1524.10  0.000e+00
    174.698    1524.10  0.000e+00
    174.705    1524.10  0.000e+00
    174.744    1524.10  0.000e+00
    174.750    1524.10  0.000e+00
    174.789    1524.11  0.000e+00
    174.789    1524.11  0.000e+00
    174.847    1524.08  0.000e+00
    174.886    1524.06  0.000e+00
    174.847    1524.04  0.000e+00
    174.938    1524.04  0.000e+00
    174.944    1524.04  0.000e+00
    174.983    1524.03  0.000e+00
    174.983    1524.02  0.000e+00
    174.990    1524.01  0.000e+00
    175.080    1524.02  0.000e+00
    175.041    1524.02  0.000e+00
    175.080    1524.02  0.000e+00
    175.125    1524.03  0.000e+00
    175.132    1524.03  0.000e+00
    175.177    1524.03  0.000e+00
    175.184    1524.02  0.000e+00
    175.223    1524.01  0.000e+00
    175.229    1524.01  0.000e+00
    175.223    1523.99  0.000e+00
    175.320    1523.99  0.000e+00
    175.281    1523.99  0.000e+00
    175.320    1523.99  0.000e+00
    175.326    1523.99  0.000e+00
    175.365    1524.00  0.000e+00
    175.410    1523.99  0.000e+00
    175.371    1523.98  0.000e+00
    175.462    1523.98  0.000e+00
    175.423    1523.98  0.000e+00
    175.462    1523.97  0.000e+00
    175.520    1523.97  0.000e+00
    175.507    1523.97  0.000e+00
    175.507    1523.96  0.000e+00
    175.566    1523.95  0.000e+00
    175.604    1523.95  0.000e+00
    175.611    1523.94  0.000e+00
    175.604    1523.94  0.000e+00
    175.650    1523.94  0.000e+00
    175.663    1523.95  0.000e+00
    175.702    1523.96  0.000e+00
    175.708    1523.96  0.000e+00
    175.747    1523.97  0.000e+00
    175.747    1523.97  0.000e+00
    175.805    1523.97  0.000e+00
    175.799    1523.97  0.000e+00
    175.850    1523.98  0.000e+00
    175.889    1523.97  0.000e+00
    175.844    1523.96  0.000e+00
    175.902    1523.96  0.000e+00
    175.941    1523.96  0.000e+00
    175.999    1523.96  0.000e+00
    175.986    1523.95  0.000e+00
    175.986    1523.95  0.000e+00
    176.045    1523.95  0.000e+00
    176.084    1523.95  0.000e+00
    176.090    1523.95  0.000e+00
    176.129    1523.95  0.000e+00
    176.129    1523.95  0.000e+00
    176.187    1523.95  0.000e+00
    176.226    1523.95  0.000e+00
    176.239    1523.95  0.000e+00
