sampleData/FK171005_CTD005_20171018_svp.cnv
* Sea-Bird SBE 9 Data File:
* FileName = E:\2017 Cruise Data\FK171005\CTD\FK171005_CTD005_20171018.hex
* Software Version Seasave V 7.26.6.26
* Temperature SN = 5483
* Conductivity SN = 3916
* Number of Bytes Per Scan = 45
* Number of Voltage Words = 4
* Number of Scans Averaged by the Deck Unit = 1
* NMEA Latitude = 04 30.56 S
* NMEA Longitude = 172 15.72 W
* NMEA UTC (Time) = Oct 20 2017 17:29:12
* NMEA baud rate = 4800
** Ship: FALKOR
** Station:
** Operator: Abby
# nquan = 3
# nvalues = 23423                                 
# units = specified
# name 0 = depSM: Depth [salt water, m]
# name 1 = svCM: Sound Velocity [Chen-Millero, m/s]
# name 2 = flag:  0.000e+00
# span 0 =      1.824,    621.330                 
# span 1 =    1487.98,    1544.27                 
# span 2 = 0.0000e+00, 0.0000e+00                 
# interval = seconds: 0.0416667
# start_time = Jan 01 2000 17:29:12 [NMEA time, first data scan]
# bad_flag = -9.990e-29
*END*
[from data line 16942]
    453.397    1492.12  0.000e+00
    453.475    1492.12  0.000e+00
    453.488    1492.12  0.000e+00
    453.520    1492.12  0.000e+00
    453.637    1492.12  0.000e+00
    453.670    1492.12  0.000e+00
    453.735    1492.12  0.000e+00
    453.767    1492.12  0.000e+00
    453.813    1492.12  0.000e+00
    453.878    1492.12  0.000e+00
    453.858    1492.12  0.000e+00
    453.975    1492.12  0.000e+00
    453.956    1492.12  0.000e+00
    453.923    1492.12  0.000e+00
    454.151    1492.12  0.000e+00
    454.105    1492.12  0.000e+00
    454.170    1492.12  0.000e+00
    454.151    1492.12  0.000e+00
    454.170    1492.12  0.000e+00
    454.248    1492.12  0.000e+00
    454.294    1492.12  0.000e+00
    454.261    1492.12  0.000e+00
    454.294    1492.12  0.000e+00
    454.313    1492.12  0.000e+00
    454.346    1492.12  0.000e+00
    454.359    1492.12  0.000e+00
    454.391    1492.12  0.000e+00
    454.391    1492.12  0.000e+00
    454.411    1492.12  0.000e+00
    454.443    1492.12  0.000e+00
    454.456    1492.12  0.000e+00
    454.489    1492.12  0.000e+00
    454.489    1492.12  0.000e+00
    454.508    1492.13  0.000e+00
    454.534    1492.13  0.000e+00
    454.508    1492.13  0.000e+00
    454.534    1492.13  0.000e+00
    454.586    1492.14  0.000e+00
    454.554    1492.14  0.000e+00
    454.586    1492.14  0.000e+00
    454.599    1492.14  0.000e+00
    454.586    1492.13  0.000e+00
    454.632    1492.13  0.000e+00
    454.651    1492.13  0.000e+00
    454.632    1492.13  0.000e+00
    454.599    1492.13  0.000e+00
    454.684    1492.13  0.000e+00
    454.651    1492.13  0.000e+00
    454.729    1492.13  0.000e+00
    454.684    1492.13  0.000e+00
    454.749    1492.13  0.000e+00
    454.684    1492.13  0.000e+00
    454.749    1492.13  0.000e+00
    454.729    1492.13  0.000e+00
    454.781    1492.13  0.000e+00
    454.697    1492.12  0.000e+00
    454.827    1492.13  0.000e+00
    454.794    1492.13  0.000e+00
    454.827    1492.13  0.000e+00
    454.827    1492.13  0.000e+00
    454.846    1492.14  0.000e+00
    454.827    1492.14  0.000e+00
    454.892    1492.14  0.000e+00
    454.872    1492.14  0.000e+00
    454.872    1492.14  0.000e+00
    454.944    1492.15  0.000e+00
    454.924    1492.15  0.000e+00
    454.989    1492.15  0.000e+00
    454.970    1492.14  0.000e+00
    454.970    1492.14  0.000e+00
    455.035    1492.13  0.000e+00
    455.022    1492.13  0.000e+00
    455.035    1492.13  0.000e+00
    455.067    1492.13  0.000e+00
    455.119    1492.13  0.000e+00
    455.087    1492.12  0.000e+00
    455.165    1492.13  0.000e+00
    455.132    1492.13  0.000e+00
    455.210    1492.13  0.000e+00
    455.210    1492.13  0.000e+00
    455.230    1492.13  0.000e+00
    455.262    1492.13  0.000e+00
    455.282    1492.14  0.000e+00
    455.360    1492.15  0.000e+00
    455.360    1492.15  0.000e+00
    455.373    1492.15  0.000e+00
    455.406    1492.14  0.000e+00
    455.458    1492.14  0.000e+00
    455.471    1492.14  0.000e+00
    455.503    1492.13  0.000e+00
    455.523    1492.14  0.000e+00
    455.549    1492.15  0.000e+00
    455.646    1492.15  0.000e+00
    455.620    1492.14  0.000e+00
    455.646    1492.13  0.000e+00
    455.718    1492.13  0.000e+00
    455.744    1492.13  0.000e+00
    455.744    1492.12  0.000e+00
    455.809    1492.12  0.000e+00
    455.841    1492.12  0.000e+00
    455.887    1492.12  0.000e+00
    455.906    1492.12  0.000e+00
    455.984    1492.12  0.000e+00
    455.958    1492.12  0.000e+00
    456.036    1492.12  0.000e+00
    456.082    1492.12  0.000e+00
    456.056    1492.12  0.000e+00
    456.179    1492.12  0.000e+00
    456.179    1492.12  0.000e+00
    456.199    1492.12  0.000e+00
    456.225    1492.12  0.000e+00
    456.296    1492.12  0.000e+00
    456.277    1492.12  0.000e+00
    456.374    1492.12  0.000e+00
    456.394    1492.12  0.000e+00
    456.374    1492.12  0.000e+00
    456.472    1492.12  0.000e+00
    456.537    1492.12  0.000e+00
    456.472    1492.12  0.000e+00
    456.615    1492.12  0.000e+00
    456.582    1492.12  0.000e+00
    456.615    1492.12  0.000e+00
    456.712    1492.12  0.000e+00
    456.732    1492.12  0.000e+00
    456.758    1492.12  0.000e+00
    456.777    1492.12  0.000e+00
    456.810    1492.12  0.000e+00
    456.855    1492.12  0.000e+00
    456.875    1492.12  0.000e+00
    456.953    1492.12  0.000e+00
    456.953    1492.12  0.000e+00
    457.018    1492.12  0.000e+00
    456.998    1492.12  0.000e+00
    457.096    1492.12  0.000e+00
    457.168    1492.12  0.000e+00
    457.148    1492.12  0.000e+00
    457.148    1492.12  0.000e+00
    457.259    1492.13  0.000e+00
    457.246    1492.12  0.000e+00
    457.291    1492.13  0.000e+00
    457.356    1492.13  0.000e+00
    457.389    1492.13  0.000e+00
    457.389    1492.13  0.000e+00
    457.408    1492.13  0.000e+00
    457.486    1492.13  0.000e+00
    457.532    1492.13  0.000e+00
    457.551    1492.13  0.000e+00
    457.629    1492.13  0.000e+00
    457.629    1492.13  0.000e+00
    457.694    1492.13  0.000e+00
    457.675    1492.13  0.000e+00
    457.727    1492.13  0.000e+00
    457.792    1492.13  0.000e+00
    457.870    1492.13  0.000e+00
    457.824    1492.13  0.000e+00
    457.941    1492.13  0.000e+00
    457.967    1492.13  0.000e+00
    457.967    1492.13  0.000e+00
    458.032    1492.13  0.000e+00
    458.065    1492.14  0.000e+00
    458.110    1492.14  0.000e+00
    458.182    1492.14  0.000e+00
    458.208    1492.14  0.000e+00
    458.260    1492.14  0.000e+00
    458.227    1492.14  0.000e+00
    458.351    1492.14  0.000e+00
    458.351    1492.14  0.000e+00
    458.422    1492.14  0.000e+00
    458.500    1492.14  0.000e+00
    458.448    1492.14  0.000e+00
    458.598    1492.14  0.000e+00
    458.617    1492.14  0.000e+00
    458.643    1492.14  0.000e+00
    458.689    1492.15  0.000e+00
    458.715    1492.15  0.000e+00
    458.787    1492.15  0.000e+00
    458.839    1492.15  0.000e+00
    458.858    1492.15  0.000e+00
    458.936    1492.15  0.000e+00
    458.982    1492.15  0.000e+00
    459.001    1492.15  0.000e+00
    459.079    1492.15  0.000e+00
    459.125    1492.15  0.000e+00
    459.177    1492.14  0.000e+00
    459.196    1492.14  0.000e+00
    459.320    1492.14  0.000e+00
    459.274    1492.14  0.000e+00
    459.391    1492.14  0.000e+00
    459.417    1492.14  0.000e+00
    459.463    1492.14  0.000e+00
    459.515    1492.14  0.000e+00
    459.632    1492.13  0.000e+00
    459.612    1492.13  0.000e+00
    459.658    1492.13  0.000e+00
    459.729    1492.13  0.000e+00
    459.801    1492.13  0.000e+00
    459.853    1492.13  0.000e+00
    459.853    1492.13  0.000e+00
    459.970    1492.13  0.000e+00
    459.996    1492.13  0.000e+00
    460.048    1492.13  0.000e+00
    460.093    1492.13  0.000e+00
    460.211    1492.13  0.000e+00
    460.191    1492.13  0.000e+00
    460.289    1492.13  0.000e+00
    460.308    1492.13  0.000e+00
    460.386    1492.13  0.000e+00
    460.432    1492.13  0.000e+00
    460.529    1492.12  0.000e+00
    460.549    1492.12  0.000e+00
    460.627    1492.12  0.000e+00
    460.627    1492.11  0.000e+00
    460.770    1492.11  0.000e+00
    460.744    1492.10  0.000e+00
    460.867    1492.09  0.000e+00
    460.867    1492.08  0.000e+00
    460.965    1492.08  0.000e+00
    460.984    1492.08  0.000e+00
    461.108    1492.08  0.000e+00
    461.108    1492.08  0.000e+00
    461.205    1492.08  0.000e+00
    461.225    1492.07  0.000e+00
    461.303    1492.07  0.000e+00
    461.348    1492.06  0.000e+00
    461.400    1492.05  0.000e+00
    461.465    1492.05  0.000e+00
    461.544    1492.04  0.000e+00
    461.589    1492.04  0.000e+00
    461.641    1492.04  0.000e+00
    461.739    1492.04  0.000e+00
    461.758    1492.03  0.000e+00
    461.836    1492.02  0.000e+00
    461.882    1492.01  0.000e+00
    461.927    1492.01  0.000e+00
    461.999    1492.00  0.000e+00
    462.025    1492.00  0.000e+00
    462.174    1492.00  0.000e+00
    462.122    1492.00  0.000e+00
    462.148    1492.00  0.000e+00
    462.415    1492.00  0.000e+00
    462.317    1491.99  0.000e+00
    462.415    1491.99  0.000e+00
    462.460    1491.99  0.000e+00
    462.532    1491.99  0.000e+00
    462.558    1491.99  0.000e+00
    462.655    1491.99  0.000e+00
    462.701    1491.99  0.000e+00
    462.753    1491.99  0.000e+00
    462.773    1491.99  0.000e+00
    462.896    1491.99  0.000e+00
    462.896    1491.99  0.000e+00
    462.994    1491.99  0.000e+00
    462.994    1491.99  0.000e+00
    463.065    1491.99  0.000e+00
    463.189    1491.99  0.000e+00
    463.189    1491.99  0.000e+00
    463.234    1491.99  0.000e+00
    463.280    1491.99  0.000e+00
    463.358    1491.99  0.000e+00
    463.429    1491.99  0.000e+00
    463.429    1491.99  0.000e+00
    463.527    1491.99  0.000e+00
    463.527    1491.99  0.000e+00
    463.624    1491.99  0.000e+00
    463.598    1491.98  0.000e+00
    463.767    1491.97  0.000e+00
    463.670    1491.97  0.000e+00
    463.813    1491.96  0.000e+00
    463.865    1491.96  0.000e+00
    463.839    1491.95  0.000e+00
    463.910    1491.94  0.000e+00
    464.008    1491.94  0.000e+00
    463.962    1491.93  0.000e+00
    464.008    1491.92  0.000e+00
    464.106    1491.91  0.000e+00
    464.080    1491.90  0.000e+00
    464.151    1491.90  0.000e+00
    464.203    1491.89  0.000e+00
    464.203    1491.89  0.000e+00
    464.249    1491.88  0.000e+00
    464.249    1491.88  0.000e+00
    464.320    1491.87  0.000e+00
    464.346    1491.86  0.000e+00
    464.392    1491.86  0.000e+00
    464.346    1491.85  0.000e+00
    464.444    1491.85  0.000e+00
    464.444    1491.85  0.000e+00
    464.470    1491.85  0.000e+00
    464.489    1491.85  0.000e+00
    464.541    1491.86  0.000e+00
    464.489    1491.86  0.000e+00
    464.587    1491.86  0.000e+00
    464.587    1491.86  0.000e+00
    464.567    1491.86  0.000e+00
    464.587    1491.86  0.000e+00
    464.639    1491.86  0.000e+00
    464.639    1491.86  0.000e+00
    464.684    1491.86  0.000e+00
    464.684    1491.87  0.000e+00
    464.684    1491.87  0.000e+00
    464.710    1491.87  0.000e+00
    464.684    1491.87  0.000e+00
    464.730    1491.88  0.000e+00
    464.730    1491.87  0.000e+00
    464.782    1491.87  0.000e+00
    464.782    1491.87  0.000e+00
    464.756    1491.87  0.000e+00
    464.827    1491.87  0.000e+00
    464.827    1491.88  0.000e+00
    464.827    1491.88  0.000e+00
    464.827    1491.88  0.000e+00
    464.827    1491.88  0.000e+00
    464.827    1491.88  0.000e+00
    464.905    1491.88  0.000e+00
    464.879    1491.87  0.000e+00
    464.925    1491.87  0.000e+00
    464.879    1491.86  0.000e+00
    464.977    1491.86  0.000e+00
    464.925    1491.86  0.000e+00
    464.951    1491.86  0.000e+00
    464.977    1491.86  0.000e+00
    464.977    1491.86  0.000e+00
    464.977    1491.87  0.000e+00
    465.022    1491.89  0.000e+00
    465.022    1491.89  0.000e+00
    465.068    1491.88  0.000e+00
    465.048    1491.87  0.000e+00
    465.068    1491.87  0.000e+00
    465.120    1491.86  0.000e+00
    465.068    1491.86  0.000e+00
    465.165    1491.86  0.000e+00
    465.120    1491.86  0.000e+00
    465.165    1491.86  0.000e+00
    465.191    1491.86  0.000e+00
    465.165    1491.86  0.000e+00
    465.217    1491.86  0.000e+00
    465.263    1491.86  0.000e+00
    465.217    1491.86  0.000e+00
    465.315    1491.86  0.000e+00
    465.263    1491.86  0.000e+00
    465.341    1491.86  0.000e+00
    465.315    1491.86  0.000e+00
    465.361    1491.86  0.000e+00
    465.361    1491.86  0.000e+00
    465.458    1491.86  0.000e+00
    465.413    1491.86  0.000e+00
    465.504    1491.86  0.000e+00
    465.484    1491.86  0.000e+00
    465.504    1491.86  0.000e+00
    465.556    1491.86  0.000e+00
    465.601    1491.86  0.000e+00
    465.601    1491.86  0.000e+00
    465.653    1491.86  0.000e+00
    465.699    1491.86  0.000e+00
    465.699    1491.86  0.000e+00
    465.725    1491.86  0.000e+00
    465.796    1491.86  0.000e+00
    465.796    1491.86  0.000e+00
    465.842    1491.86  0.000e+00
    465.894    1491.86  0.000e+00
    465.894    1491.86  0.000e+00
    465.939    1491.86  0.000e+00
    465.991    1491.86  0.000e+00
    466.063    1491.86  0.000e+00
    466.037    1491.86  0.000e+00
    466.134    1491.86  0.000e+00
    466.134    1491.86  0.000e+00
    466.180    1491.85  0.000e+00
    466.180    1491.85  0.000e+00
    466.277    1491.85  0.000e+00
    466.277    1491.85  0.000e+00
    466.355    1491.85  0.000e+00
    466.375    1491.85  0.000e+00
    466.427    1491.86  0.000e+00
    466.473    1491.86  0.000e+00
    466.518    1491.86  0.000e+00
    466.518    1491.86  0.000e+00
    466.570    1491.86  0.000e+00
    466.668    1491.86  0.000e+00
    466.668    1491.86  0.000e+00
    466.739    1491.86  0.000e+00
    466.765    1491.86  0.000e+00
    466.811    1491.86  0.000e+00
    466.863    1491.86  0.000e+00
    466.908    1491.86  0.000e+00
    466.954    1491.86  0.000e+00
    467.006    1491.86  0.000e+00
    467.006    1491.86  0.000e+00
    467.149    1491.86  0.000e+00
    467.103    1491.86  0.000e+00
    467.227    1491.86  0.000e+00
    467.201    1491.86  0.000e+00
    467.292    1491.86  0.000e+00
    467.292    1491.86  0.000e+00
    467.441    1491.86  0.000e+00
    467.389    1491.86  0.000e+00
    467.487    1491.86  0.000e+00
    467.539    1491.86  0.000e+00
    467.585    1491.86  0.000e+00
    467.682    1491.86  0.000e+00
    467.682    1491.86  0.000e+00
    467.728    1491.86  0.000e+00
    467.806    1491.86  0.000e+00
    467.825    1491.86  0.000e+00
    467.877    1491.85  0.000e+00
    467.975    1491.85  0.000e+00
    467.975    1491.84  0.000e+00
    468.118    1491.84  0.000e+00
    468.066    1491.82  0.000e+00
    468.163    1491.81  0.000e+00
    468.215    1491.79  0.000e+00
    468.261    1491.77  0.000e+00
    468.313    1491.76  0.000e+00
    468.404    1491.76  0.000e+00
    468.456    1491.75  0.000e+00
    468.456    1491.73  0.000e+00
    468.554    1491.71  0.000e+00
    468.625    1491.69  0.000e+00
    468.651    1491.65  0.000e+00
    468.697    1491.60  0.000e+00
    468.794    1491.56  0.000e+00
    468.840    1491.53  0.000e+00
    468.892    1491.51  0.000e+00
    468.937    1491.49  0.000e+00
    468.989    1491.48  0.000e+00
    469.035    1491.46  0.000e+00
    469.132    1491.46  0.000e+00
    469.132    1491.45  0.000e+00
    469.230    1491.44  0.000e+00
    469.275    1491.43  0.000e+00
    469.373    1491.42  0.000e+00
    469.373    1491.42  0.000e+00
    469.425    1491.41  0.000e+00
    469.516    1491.41  0.000e+00
    469.614    1491.41  0.000e+00
    469.614    1491.41  0.000e+00
    469.666    1491.41  0.000e+00
    469.711    1491.41  0.000e+00
    469.809    1491.41  0.000e+00
    469.854    1491.41  0.000e+00
    469.906    1491.41  0.000e+00
    469.984    1491.41  0.000e+00
    470.004    1491.41  0.000e+00
    470.101    1491.41  0.000e+00
    470.101    1491.41  0.000e+00
    470.244    1491.42  0.000e+00
    470.244    1491.42  0.000e+00
    470.290    1491.42  0.000e+00
    470.342    1491.42  0.000e+00
    470.439    1491.42  0.000e+00
    470.485    1491.42  0.000e+00
    470.583    1491.42  0.000e+00
    470.583    1491.42  0.000e+00
    470.628    1491.42  0.000e+00
    470.726    1491.42  0.000e+00
    470.778    1491.42  0.000e+00
    470.823    1491.42  0.000e+00
    470.875    1491.42  0.000e+00
    470.966    1491.42  0.000e+00
    470.966    1491.42  0.000e+00
    471.018    1491.42  0.000e+00
    471.116    1491.42  0.000e+00
    471.213    1491.42  0.000e+00
    471.213    1491.41  0.000e+00
    471.259    1491.40  0.000e+00
    471.304    1491.40  0.000e+00
    471.402    1491.40  0.000e+00
    471.454    1491.40  0.000e+00
    471.500    1491.40  0.000e+00
