sampleData/FK171005_CTD005_20171018_svp.cnv
* Sea-Bird SBE 9 Data File:
* FileName = E:\2017 Cruise Data\FK171005\CTD\FK171005_CTD005_20171018.hex
* Software Version Seasave V 7.26.6.26
* Temperature SN = 5483
* Conductivity SN = 3916
* Number of Bytes Per Scan = 45
* Number of Voltage Words = 4
* Number of Scans Averaged by the Deck Unit = 1
* NMEA Latitude = 04 30.56 S
* NMEA Longitude = 172 15.72 W
* NMEA UTC (Time) = Oct 20 2017 17:29:12
* NMEA baud rate = 4800
** Ship: FALKOR
** Station:
** Operator: Abby
# nquan = 3
# nvalues = 23423                                 
# units = specified
# name 0 = depSM: Depth [salt water, m]
# name 1 = svCM: Sound Velocity [Chen-Millero, m/s]
# name 2 = flag:  0.000e+00
# span 0 =      1.824,    621.330                 
# span 1 =    1487.98,    1544.27                 
# span 2 = 0.0000e+00, 0.0000e+00                 
# interval = seconds: 0.0416667
# start_time = Jan 01 2000 17:29:12 [NMEA time, first data scan]
# bad_flag = -9.990e-29
*END*
[from data line 9883]
    191.162    1517.71  0.000e+00
    191.213    1517.71  0.000e+00
    191.259    1517.71  0.000e+00
    191.310    1517.71  0.000e+00
    191.356    1517.70  0.000e+00
    191.356    1517.70  0.000e+00
    191.401    1517.71  0.000e+00
    191.453    1517.71  0.000e+00
    191.498    1517.71  0.000e+00
    191.550    1517.70  0.000e+00
    191.550    1517.69  0.000e+00
    191.641    1517.69  0.000e+00
    191.641    1517.69  0.000e+00
    191.692    1517.69  0.000e+00
    191.692    1517.69  0.000e+00
    191.790    1517.70  0.000e+00
    191.835    1517.71  0.000e+00
    191.835    1517.71  0.000e+00
    191.880    1517.71  0.000e+00
    191.932    1517.71  0.000e+00
    191.977    1517.72  0.000e+00
    191.977    1517.72  0.000e+00
    192.075    1517.71  0.000e+00
    192.075    1517.69  0.000e+00
    192.120    1517.66  0.000e+00
    192.172    1517.63  0.000e+00
    192.217    1517.60  0.000e+00
    192.217    1517.59  0.000e+00
    192.269    1517.58  0.000e+00
    192.314    1517.57  0.000e+00
    192.359    1517.57  0.000e+00
    192.359    1517.57  0.000e+00
    192.457    1517.57  0.000e+00
    192.411    1517.57  0.000e+00
    192.508    1517.56  0.000e+00
    192.554    1517.54  0.000e+00
    192.554    1517.52  0.000e+00
    192.599    1517.53  0.000e+00
    192.651    1517.53  0.000e+00
    192.651    1517.52  0.000e+00
    192.696    1517.53  0.000e+00
    192.748    1517.54  0.000e+00
    192.748    1517.56  0.000e+00
    192.696    1517.57  0.000e+00
    192.962    1517.58  0.000e+00
    192.890    1517.58  0.000e+00
    192.839    1517.57  0.000e+00
    192.936    1517.57  0.000e+00
    192.987    1517.57  0.000e+00
    192.987    1517.55  0.000e+00
    192.987    1517.53  0.000e+00
    193.033    1517.51  0.000e+00
    193.130    1517.47  0.000e+00
    193.078    1517.44  0.000e+00
    193.175    1517.44  0.000e+00
    193.130    1517.47  0.000e+00
    193.175    1517.47  0.000e+00
    193.272    1517.45  0.000e+00
    193.227    1517.41  0.000e+00
    193.272    1517.38  0.000e+00
    193.318    1517.36  0.000e+00
    193.318    1517.35  0.000e+00
    193.370    1517.34  0.000e+00
    193.415    1517.33  0.000e+00
    193.415    1517.33  0.000e+00
    193.415    1517.32  0.000e+00
    193.467    1517.32  0.000e+00
    193.512    1517.32  0.000e+00
    193.512    1517.32  0.000e+00
    193.557    1517.32  0.000e+00
    193.512    1517.32  0.000e+00
    193.609    1517.32  0.000e+00
    193.583    1517.32  0.000e+00
    193.654    1517.32  0.000e+00
    193.654    1517.32  0.000e+00
    193.706    1517.32  0.000e+00
    193.706    1517.32  0.000e+00
    193.752    1517.32  0.000e+00
    193.752    1517.32  0.000e+00
    193.797    1517.32  0.000e+00
    193.849    1517.32  0.000e+00
    193.849    1517.33  0.000e+00
    193.849    1517.33  0.000e+00
    193.939    1517.33  0.000e+00
    193.991    1517.33  0.000e+00
    193.939    1517.33  0.000e+00
    193.991    1517.33  0.000e+00
    194.036    1517.33  0.000e+00
    194.088    1517.33  0.000e+00
    194.088    1517.33  0.000e+00
    194.134    1517.33  0.000e+00
    194.205    1517.33  0.000e+00
    194.179    1517.33  0.000e+00
    194.276    1517.33  0.000e+00
    194.179    1517.33  0.000e+00
    194.328    1517.33  0.000e+00
    194.276    1517.33  0.000e+00
    194.373    1517.33  0.000e+00
    194.373    1517.33  0.000e+00
    194.418    1517.33  0.000e+00
    194.418    1517.33  0.000e+00
    194.516    1517.33  0.000e+00
    194.516    1517.33  0.000e+00
    194.567    1517.33  0.000e+00
    194.567    1517.33  0.000e+00
    194.567    1517.33  0.000e+00
    194.658    1517.33  0.000e+00
    194.684    1517.33  0.000e+00
    194.710    1517.32  0.000e+00
    194.755    1517.32  0.000e+00
    194.807    1517.32  0.000e+00
    194.807    1517.32  0.000e+00
    194.852    1517.32  0.000e+00
    194.898    1517.32  0.000e+00
    194.949    1517.32  0.000e+00
    194.995    1517.32  0.000e+00
    194.995    1517.32  0.000e+00
    195.047    1517.32  0.000e+00
    195.092    1517.31  0.000e+00
    195.137    1517.31  0.000e+00
    195.118    1517.31  0.000e+00
    195.234    1517.31  0.000e+00
    195.189    1517.30  0.000e+00
    195.286    1517.31  0.000e+00
    195.331    1517.31  0.000e+00
    195.331    1517.30  0.000e+00
    195.377    1517.30  0.000e+00
    195.429    1517.31  0.000e+00
    195.429    1517.31  0.000e+00
    195.526    1517.31  0.000e+00
    195.571    1517.31  0.000e+00
    195.545    1517.31  0.000e+00
    195.616    1517.31  0.000e+00
    195.616    1517.31  0.000e+00
    195.714    1517.31  0.000e+00
    195.765    1517.31  0.000e+00
    195.765    1517.31  0.000e+00
    195.765    1517.31  0.000e+00
    195.856    1517.31  0.000e+00
    195.908    1517.32  0.000e+00
    195.908    1517.32  0.000e+00
    195.979    1517.32  0.000e+00
    195.953    1517.32  0.000e+00
    196.050    1517.32  0.000e+00
    196.050    1517.32  0.000e+00
    196.147    1517.32  0.000e+00
    196.096    1517.32  0.000e+00
    196.193    1517.32  0.000e+00
    196.193    1517.32  0.000e+00
    196.244    1517.32  0.000e+00
    196.264    1517.32  0.000e+00
    196.335    1517.32  0.000e+00
    196.335    1517.32  0.000e+00
    196.387    1517.32  0.000e+00
    196.484    1517.32  0.000e+00
    196.432    1517.32  0.000e+00
    196.484    1517.31  0.000e+00
    196.529    1517.31  0.000e+00
    196.575    1517.31  0.000e+00
    196.646    1517.31  0.000e+00
    196.627    1517.32  0.000e+00
    196.627    1517.31  0.000e+00
    196.724    1517.32  0.000e+00
    196.769    1517.32  0.000e+00
    196.769    1517.32  0.000e+00
    196.769    1517.32  0.000e+00
    196.866    1517.32  0.000e+00
    196.886    1517.32  0.000e+00
    196.911    1517.32  0.000e+00
    196.963    1517.32  0.000e+00
    197.009    1517.32  0.000e+00
    196.963    1517.32  0.000e+00
    197.106    1517.32  0.000e+00
    197.106    1517.32  0.000e+00
    197.106    1517.32  0.000e+00
    197.125    1517.32  0.000e+00
    197.203    1517.32  0.000e+00
    197.248    1517.32  0.000e+00
    197.294    1517.32  0.000e+00
    197.345    1517.32  0.000e+00
    197.294    1517.32  0.000e+00
    197.391    1517.32  0.000e+00
    197.417    1517.32  0.000e+00
    197.488    1517.32  0.000e+00
    197.488    1517.32  0.000e+00
    197.533    1517.32  0.000e+00
    197.533    1517.32  0.000e+00
    197.682    1517.32  0.000e+00
    197.630    1517.32  0.000e+00
    197.656    1517.32  0.000e+00
    197.727    1517.32  0.000e+00
    197.727    1517.32  0.000e+00
    197.824    1517.32  0.000e+00
    197.824    1517.32  0.000e+00
    197.824    1517.32  0.000e+00
    197.870    1517.33  0.000e+00
    197.941    1517.33  0.000e+00
    197.967    1517.33  0.000e+00
    198.012    1517.33  0.000e+00
    198.064    1517.33  0.000e+00
    198.109    1517.33  0.000e+00
    198.207    1517.34  0.000e+00
    198.181    1517.34  0.000e+00
    198.252    1517.34  0.000e+00
    198.304    1517.34  0.000e+00
    198.349    1517.34  0.000e+00
    198.349    1517.34  0.000e+00
    198.446    1517.34  0.000e+00
    198.466    1517.34  0.000e+00
    198.491    1517.34  0.000e+00
    198.543    1517.34  0.000e+00
    198.640    1517.34  0.000e+00
    198.589    1517.34  0.000e+00
    198.686    1517.34  0.000e+00
    198.705    1517.34  0.000e+00
    198.731    1517.35  0.000e+00
    198.828    1517.35  0.000e+00
    198.783    1517.35  0.000e+00
    198.925    1517.35  0.000e+00
    198.925    1517.35  0.000e+00
    198.945    1517.35  0.000e+00
    198.971    1517.35  0.000e+00
    199.068    1517.35  0.000e+00
    199.068    1517.35  0.000e+00
    199.120    1517.35  0.000e+00
    199.139    1517.35  0.000e+00
    199.165    1517.36  0.000e+00
    199.262    1517.36  0.000e+00
    199.262    1517.36  0.000e+00
    199.359    1517.36  0.000e+00
    199.262    1517.36  0.000e+00
    199.424    1517.36  0.000e+00
    199.405    1517.36  0.000e+00
    199.502    1517.36  0.000e+00
    199.450    1517.36  0.000e+00
    199.547    1517.36  0.000e+00
    199.521    1517.36  0.000e+00
    199.644    1517.37  0.000e+00
    199.644    1517.37  0.000e+00
    199.599    1517.36  0.000e+00
    199.741    1517.37  0.000e+00
    199.715    1517.36  0.000e+00
    199.741    1517.37  0.000e+00
    199.787    1517.37  0.000e+00
    199.787    1517.37  0.000e+00
    199.884    1517.37  0.000e+00
    199.858    1517.37  0.000e+00
    199.884    1517.37  0.000e+00
    199.929    1517.37  0.000e+00
    199.981    1517.37  0.000e+00
    199.981    1517.37  0.000e+00
    200.000    1517.37  0.000e+00
    199.981    1517.37  0.000e+00
    200.078    1517.37  0.000e+00
    200.078    1517.37  0.000e+00
    200.078    1517.37  0.000e+00
    200.097    1517.37  0.000e+00
    200.123    1517.38  0.000e+00
    200.169    1517.38  0.000e+00
    200.169    1517.38  0.000e+00
    200.143    1517.38  0.000e+00
    200.220    1517.38  0.000e+00
    200.266    1517.38  0.000e+00
    200.220    1517.38  0.000e+00
    200.220    1517.38  0.000e+00
    200.240    1517.38  0.000e+00
    200.318    1517.38  0.000e+00
    200.318    1517.38  0.000e+00
    200.318    1517.38  0.000e+00
    200.318    1517.38  0.000e+00
    200.337    1517.38  0.000e+00
    200.318    1517.38  0.000e+00
    200.363    1517.38  0.000e+00
    200.408    1517.38  0.000e+00
    200.408    1517.38  0.000e+00
    200.382    1517.38  0.000e+00
    200.408    1517.38  0.000e+00
    200.408    1517.38  0.000e+00
    200.460    1517.38  0.000e+00
    200.434    1517.38  0.000e+00
    200.460    1517.38  0.000e+00
    200.460    1517.38  0.000e+00
    200.505    1517.38  0.000e+00
    200.460    1517.38  0.000e+00
    200.525    1517.38  0.000e+00
    200.505    1517.38  0.000e+00
    200.505    1517.38  0.000e+00
    200.557    1517.38  0.000e+00
    200.525    1517.38  0.000e+00
    200.557    1517.38  0.000e+00
    200.603    1517.38  0.000e+00
    200.557    1517.38  0.000e+00
    200.602    1517.38  0.000e+00
    200.622    1517.38  0.000e+00
    200.602    1517.38  0.000e+00
    200.602    1517.38  0.000e+00
    200.648    1517.38  0.000e+00
    200.674    1517.38  0.000e+00
    200.700    1517.38  0.000e+00
    200.648    1517.38  0.000e+00
    200.700    1517.39  0.000e+00
    200.700    1517.39  0.000e+00
    200.764    1517.39  0.000e+00
    200.745    1517.39  0.000e+00
    200.797    1517.39  0.000e+00
    200.745    1517.39  0.000e+00
    200.816    1517.39  0.000e+00
    200.797    1517.39  0.000e+00
    200.842    1517.39  0.000e+00
    200.842    1517.39  0.000e+00
    200.887    1517.39  0.000e+00
    200.913    1517.39  0.000e+00
    200.939    1517.39  0.000e+00
    200.939    1517.39  0.000e+00
    200.985    1517.39  0.000e+00
    200.959    1517.39  0.000e+00
    201.036    1517.39  0.000e+00
    201.036    1517.39  0.000e+00
    201.036    1517.39  0.000e+00
    201.036    1517.39  0.000e+00
    201.244    1517.39  0.000e+00
    201.127    1517.39  0.000e+00
    201.127    1517.39  0.000e+00
    201.224    1517.39  0.000e+00
    201.244    1517.39  0.000e+00
    201.224    1517.39  0.000e+00
    201.321    1517.39  0.000e+00
    201.321    1517.39  0.000e+00
    201.341    1517.39  0.000e+00
    201.367    1517.39  0.000e+00
    201.418    1517.39  0.000e+00
    201.464    1517.39  0.000e+00
    201.438    1517.39  0.000e+00
    201.516    1517.39  0.000e+00
    201.561    1517.39  0.000e+00
    201.606    1517.39  0.000e+00
    201.626    1517.39  0.000e+00
    201.658    1517.40  0.000e+00
    201.658    1517.40  0.000e+00
    201.755    1517.40  0.000e+00
    201.723    1517.40  0.000e+00
    201.801    1517.40  0.000e+00
    201.846    1517.40  0.000e+00
    201.898    1517.40  0.000e+00
    201.962    1517.40  0.000e+00
    201.943    1517.40  0.000e+00
    201.995    1517.40  0.000e+00
    202.040    1517.40  0.000e+00
    202.105    1517.40  0.000e+00
    202.137    1517.40  0.000e+00
    202.137    1517.40  0.000e+00
    202.280    1517.41  0.000e+00
    202.254    1517.40  0.000e+00
    202.280    1517.41  0.000e+00
    202.377    1517.41  0.000e+00
    202.377    1517.41  0.000e+00
    202.442    1517.41  0.000e+00
    202.474    1517.41  0.000e+00
    202.565    1517.41  0.000e+00
    202.422    1517.41  0.000e+00
    202.778    1517.41  0.000e+00
    202.662    1517.41  0.000e+00
    202.714    1517.41  0.000e+00
    202.733    1517.41  0.000e+00
    202.856    1517.41  0.000e+00
    202.856    1517.42  0.000e+00
    202.901    1517.42  0.000e+00
    202.973    1517.42  0.000e+00
    202.953    1517.42  0.000e+00
    203.044    1517.42  0.000e+00
    203.115    1517.42  0.000e+00
    203.141    1517.42  0.000e+00
    203.193    1517.42  0.000e+00
    203.238    1517.42  0.000e+00
    203.258    1517.42  0.000e+00
    203.335    1517.42  0.000e+00
    203.381    1517.43  0.000e+00
    203.445    1517.43  0.000e+00
    203.432    1517.43  0.000e+00
    203.523    1517.43  0.000e+00
    203.575    1517.43  0.000e+00
    203.594    1517.43  0.000e+00
    203.672    1517.43  0.000e+00
    203.672    1517.43  0.000e+00
    203.737    1517.43  0.000e+00
    203.815    1517.43  0.000e+00
    203.860    1517.43  0.000e+00
    203.834    1517.43  0.000e+00
    203.912    1517.42  0.000e+00
    204.002    1517.42  0.000e+00
    204.002    1517.41  0.000e+00
    204.022    1517.40  0.000e+00
    204.100    1517.39  0.000e+00
    204.151    1517.39  0.000e+00
    204.216    1517.38  0.000e+00
    204.197    1517.38  0.000e+00
    204.294    1517.38  0.000e+00
    204.313    1517.38  0.000e+00
    204.339    1517.38  0.000e+00
    204.391    1517.38  0.000e+00
    204.456    1517.38  0.000e+00
    204.482    1517.38  0.000e+00
    204.533    1517.38  0.000e+00
    204.598    1517.38  0.000e+00
    204.579    1517.38  0.000e+00
    204.631    1517.38  0.000e+00
    204.676    1517.38  0.000e+00
    204.792    1517.38  0.000e+00
    204.773    1517.37  0.000e+00
    204.773    1517.38  0.000e+00
    204.883    1517.38  0.000e+00
    204.916    1517.38  0.000e+00
    204.916    1517.38  0.000e+00
    204.980    1517.38  0.000e+00
    204.961    1517.37  0.000e+00
    205.110    1517.37  0.000e+00
    205.077    1517.37  0.000e+00
    205.155    1517.37  0.000e+00
    205.155    1517.37  0.000e+00
    205.175    1517.37  0.000e+00
    205.298    1517.36  0.000e+00
    205.252    1517.36  0.000e+00
    205.362    1517.36  0.000e+00
    205.349    1517.36  0.000e+00
    205.492    1517.35  0.000e+00
    205.414    1517.35  0.000e+00
    205.440    1517.35  0.000e+00
    205.557    1517.35  0.000e+00
    205.589    1517.35  0.000e+00
    205.589    1517.35  0.000e+00
    205.654    1517.35  0.000e+00
    205.680    1517.34  0.000e+00
    205.732    1517.33  0.000e+00
    205.744    1517.32  0.000e+00
    205.777    1517.31  0.000e+00
    205.874    1517.30  0.000e+00
    205.842    1517.29  0.000e+00
    205.919    1517.28  0.000e+00
    205.919    1517.27  0.000e+00
    205.984    1517.25  0.000e+00
    206.017    1517.22  0.000e+00
    206.068    1517.18  0.000e+00
    206.081    1517.16  0.000e+00
    206.114    1517.13  0.000e+00
    206.133    1517.10  0.000e+00
    206.211    1517.07  0.000e+00
    206.211    1517.04  0.000e+00
    206.224    1517.02  0.000e+00
    206.308    1517.01  0.000e+00
    206.353    1516.99  0.000e+00
    206.321    1516.98  0.000e+00
    206.353    1516.97  0.000e+00
    206.450    1516.96  0.000e+00
    206.418    1516.95  0.000e+00
    206.450    1516.94  0.000e+00
    206.515    1516.93  0.000e+00
    206.548    1516.93  0.000e+00
    206.548    1516.91  0.000e+00
    206.612    1516.90  0.000e+00
    206.593    1516.88  0.000e+00
    206.638    1516.87  0.000e+00
    206.703    1516.86  0.000e+00
    206.690    1516.84  0.000e+00
    206.638    1516.83  0.000e+00
    206.852    1516.83  0.000e+00
    206.735    1516.82  0.000e+00
    206.852    1516.81  0.000e+00
    206.787    1516.80  0.000e+00
    206.878    1516.80  0.000e+00
